1
1
1
1
1
1
1
1
11
0
0
12
16
1
1
1
19
15
0
0
1
1
1
1
1
1
1
19
15
0
0
0
12
16
1
19
15
0
0
0
1
1
1
1
19
8
8
15
0
0
0
0
0
12
8
15
0
5
2
2
8
8
8
8
15
0
5
2
2
2
6
0
0
0
0
0
5
7
0
0
0
0
0
5
2
2
7
0
0
0
4
2
6
0
0
5
7
0
0
13
0
5
2
7
0
0
0
0
0
0
0
0
4
2
2
7
0
0
0
9
0
3
0
13
10
10
10
14
0
0
0
0
0
0
0
0
0
0
0
9
0
3
0
12
8
8
8
15
0
0
0
0
0
0
0
0
0
0
0
9
0
3
0
0
0
0
0
0
5
2
2
2
2
2
2
6
0
0
0
9
0
4
2
2
2
2
2
2
7
0
0
0
0
0
0
4
2
6
0
9
0
0
0
0
0
0
0
0
0
13
10
10
10
14
0
0
0
3
0
9
10
14
0
0
0
0
0
0
0
12
16
1
1
11
0
0
5
7
0
9
1
18
14
0
0
0
0
0
0
0
12
8
8
15
0
0
3
0
0
9
1
1
11
0
0
5
2
2
2
6
0
0
0
0
0
5
7
0
13
17
1
1
11
0
5
7
0
0
0
4
2
2
2
2
2
7
0
13
17
1
1
19
15
0
3
0
0
0
0
0
0
0
0
0
0
0
0
12
16
1
1
11
0
0
3
0
0
0
5
2
2
2
2
6
0
0
0
0
12
8
1
11
0
0
4
2
2
2
7
0
0
0
0
4
2
2
2
2
2
2
1
11
0
0
0
0
0
0
0
0
13
10
14
0
0
0
0
0
0
0
1
11
0
0
0
0
0
0
0
13
17
1
11
0
0
0
0
0
0
0
19
17
19
2
