0
0
0
0
0
0
0
0
0
0
5
2
6
0
0
0
0
0
9
1
0
0
0
5
2
2
2
2
2
2
7
0
4
2
2
6
0
0
12
8
0
5
2
7
0
0
0
0
0
0
0
0
0
0
0
4
6
0
0
0
5
7
0
0
0
0
0
0
0
0
0
0
0
0
0
0
4
6
0
0
3
0
0
0
0
0
5
2
2
2
2
2
2
6
0
0
0
4
6
0
3
0
0
0
5
2
7
0
0
0
0
0
0
4
2
6
0
0
3
0
3
0
0
0
3
0
0
0
13
10
10
14
0
0
0
4
6
0
3
0
4
6
0
0
3
0
0
13
17
19
8
15
0
0
0
0
3
0
3
0
0
4
2
2
7
0
0
12
8
15
0
0
0
0
5
2
7
0
3
0
0
0
0
0
0
0
0
0
0
0
0
0
0
5
7
0
0
5
7
0
10
10
14
0
0
0
0
5
2
2
2
2
2
7
0
0
0
3
0
0
19
8
15
0
0
0
0
3
0
0
0
0
0
0
0
0
0
4
2
2
15
0
5
2
6
0
0
3
0
0
13
10
14
0
0
0
0
0
0
0
0
0
3
0
4
6
0
4
6
0
12
8
15
0
5
2
6
0
0
0
0
5
7
0
0
4
6
0
4
6
0
0
0
5
7
0
4
6
0
0
0
3
0
0
0
0
3
0
0
4
2
2
2
7
0
0
0
3
0
0
0
3
0
5
2
2
7
0
0
0
0
0
0
0
0
0
5
7
0
0
0
3
0
3
0
0
0
0
0
0
0
0
0
0
0
0
3
0
0
0
0
3
0
4
2
2
2
2
6
0
0
0
5
2
2
2
7
0
13
10
0
3
0
0
0
0
0
0
4
2
2
2
7
0
0
0
0
0
9
1
1
19
19
11
