1
1
1
1
1
1
1
1
1
1
1
1
19
15
0
0
0
0
0
0
1
1
1
1
1
1
1
1
1
1
19
8
15
0
0
0
0
0
0
0
1
1
1
19
8
8
8
8
8
8
15
0
0
0
0
0
0
0
0
0
8
8
8
15
0
0
0
0
0
0
0
0
0
0
0
0
0
0
0
0
0
0
0
0
0
0
0
0
0
0
0
0
0
0
0
0
0
0
0
0
0
0
5
2
2
2
2
2
2
2
2
2
2
2
2
2
2
2
2
2
0
0
3
0
0
0
0
0
0
0
0
0
0
0
0
0
0
0
0
0
0
0
3
0
0
0
0
0
0
13
10
10
10
10
10
10
14
0
0
0
0
0
3
0
0
0
13
10
10
17
1
1
1
1
1
1
18
14
0
0
0
0
3
0
0
0
12
8
8
8
8
8
8
8
8
8
8
15
0
0
0
0
3
0
0
0
0
0
0
0
0
0
0
0
0
0
0
0
0
0
0
0
4
2
2
2
2
2
2
2
2
2
2
2
2
2
2
2
6
0
0
0
0
0
0
0
0
0
0
0
0
0
0
0
0
0
0
0
3
0
0
0
0
0
0
0
13
10
10
10
10
10
10
10
14
0
0
0
3
0
0
0
13
10
10
10
17
1
1
1
1
19
8
8
15
0
0
0
3
0
0
0
12
8
8
8
8
8
8
8
8
15
0
0
0
0
0
0
3
0
0
0
0
0
0
0
0
0
0
0
0
0
0
0
0
0
0
0
3
0
2
2
2
2
2
2
2
2
2
2
2
2
2
2
2
2
2
2
7
0
0
0
0
0
0
0
0
0
0
0
0
0
0
0
0
0
0
0
0
0
0
0
0
0
0
0
0
0
0
0
0
0
0
0
0
0
0
0
0
0
0
17
19
5
