0
0
0
0
0
0
9
1
1
1
1
1
1
11
0
0
0
0
0
0
0
0
0
0
0
0
9
1
1
1
1
1
1
18
14
0
0
0
0
0
0
0
0
0
0
13
17
1
1
1
1
1
1
1
18
14
0
0
0
0
0
0
0
0
13
17
1
1
1
1
1
1
1
1
1
11
0
0
0
0
0
0
0
13
17
1
1
1
1
1
1
1
1
1
1
18
14
0
0
0
0
0
13
17
1
19
8
8
8
8
8
8
16
1
1
1
18
14
0
0
10
10
17
1
1
11
5
2
2
2
2
6
9
1
1
1
1
18
14
0
1
1
1
1
1
11
3
0
13
14
0
3
9
1
1
1
1
1
18
10
1
1
1
1
1
11
3
13
17
18
14
3
9
1
1
1
1
1
1
1
8
8
8
8
8
15
3
12
16
19
15
3
9
1
1
1
1
1
1
1
2
2
2
2
2
2
7
0
12
15
0
3
12
8
8
8
8
8
8
8
10
10
10
10
10
10
14
5
2
2
2
7
5
2
2
2
2
2
2
2
1
1
1
1
1
1
11
3
0
13
14
0
3
13
10
10
10
10
10
10
1
1
1
1
1
1
11
3
13
17
18
14
3
9
1
1
1
1
1
1
1
1
1
1
1
1
11
3
12
16
19
15
3
9
1
1
1
19
8
8
8
8
16
1
1
1
11
3
0
12
15
0
3
9
1
1
19
15
0
0
0
0
12
8
16
1
11
4
2
2
2
2
7
9
1
19
15
0
0
0
0
0
0
0
12
16
18
10
10
10
10
10
10
17
19
15
0
0
0
0
0
0
0
0
0
12
8
16
1
1
1
1
1
1
11
0
0
0
0
0
0
0
0
0
0
0
0
9
1
1
1
1
1
1
11
0
0
0
0
0
0
10
19
11
