1
1
1
19
15
0
0
12
16
1
1
1
1
1
11
0
0
0
9
1
1
1
1
11
0
0
0
0
9
1
1
1
1
19
15
0
0
0
9
1
1
1
1
11
0
0
0
0
9
1
1
1
1
11
0
0
0
13
17
1
8
8
8
15
0
0
0
0
12
8
8
8
8
15
0
0
0
12
8
16
2
2
2
2
2
2
2
2
2
2
2
2
2
2
2
2
2
2
6
9
14
0
0
13
10
10
10
14
0
0
0
0
13
10
10
10
10
14
3
9
15
0
0
9
1
1
19
15
0
0
0
0
12
16
1
1
1
11
3
9
0
0
0
9
1
1
11
0
0
0
0
0
0
9
1
1
1
11
3
9
0
0
0
9
1
1
11
0
0
0
0
0
13
17
1
1
1
11
3
9
0
0
13
17
1
1
18
14
0
0
13
10
17
19
8
16
1
11
3
9
10
10
17
19
8
8
16
18
10
10
17
1
19
15
0
12
16
11
3
9
1
1
19
15
0
0
12
16
1
1
1
1
11
0
0
0
9
11
3
9
1
1
11
0
0
0
0
9
1
1
1
1
11
0
0
0
9
11
3
9
1
1
18
14
0
0
0
9
1
1
1
1
18
14
0
0
9
11
3
9
8
8
8
15
0
0
0
12
8
8
8
8
8
15
0
0
12
15
3
9
2
2
2
2
2
2
2
2
2
2
2
2
2
2
2
2
2
2
7
9
10
10
10
10
10
10
10
10
10
10
10
10
10
10
10
10
10
10
10
17
1
19
8
8
8
8
16
1
1
1
1
1
1
1
1
19
8
8
8
16
1
11
0
0
0
0
9
1
1
1
1
1
1
1
1
11
0
0
0
9
1
18
14
0
0
13
17
1
1
1
1
1
1
1
1
11
0
0
0
9
0
15
0
4
